1-4, 6-64,
1, 14, 46, 64,
1, 3-12, 14-46, 48-62, 64,
1, 3, 62, 64,
1, 3, 5-13, 14-47, 49-60, 62, 64,
1, 3, 5, 60, 62, 64,
1, 5, 7-17, 19-32, 34-38, 40-60, 62, 64,
1, 3, 5, 7, 10, 32, 34, 36, 58, 60, 62, 64,
1, 3, 5, 7, 9-11, 13-30, 32, 34, 36-42, 44-56, 58, 60, 62, 64,
1, 3, 5, 7, 9, 30, 32, 34, 36, 56, 58, 60, 62, 64,
1, 3, 5, 7, 9, 11-13, 15-23, 25-28, 30, 32, 34, 36, 38-49, 51-54, 56, 58, 60, 62, 64,
1, 3, 5, 7, 9, 13, 15, 28, 30, 32, 36, 38, 40, 54, 58, 60, 62, 64,
1, 3, 5, 7, 9, 11, 13, 15, 17-26, 28, 30, 32, 34, 36, 38, 40-52, 54, 56, 58, 60, 62, 64,
1, 3, 5, 7, 9, 11, 13, 15, 17, 26, 28, 32, 34, 36, 38, 40-52, 54, 56, 58, 60, 62, 64,
1, 3, 5, 7, 11, 13, 15, 19-20, 22-24, 28, 30, 32, 34, 36, 38, 52, 54, 56, 58, 60-62, 64,
1, 3, 5, 7, 9, 11, 13, 17, 19, 24, 26, 28, 30, 32, 34, 36, 38-41, 43-54, 56, 58, 60, 62, 64,
1, 3, 5, 7, 9, 11, 13, 15, 17, 19, 21-22, 24, 26, 28, 30, 32, 34, 36, 56, 58, 62, 64,
1, 3, 7, 9, 11, 15, 17, 19, 21-22, 24, 26, 28, 30, 32, 34, 36-56, 58, 60, 62, 64,
1, 3, 5, 7, 9, 11, 13, 15, 17, 19, 24, 26, 28, 30, 32, 34, 58, 60, 62, 64,
1, 3, 5, 7, 9, 11, 13, 15, 17, 19-24, 26, 28, 30, 32, 34, 36-56, 58, 60, 62, 64,
1, 3, 5, 7, 9, 11, 13, 15, 17, 26, 28, 30, 32, 34, 36, 56, 58, 60, 62, 64,
1-3, 5, 7, 9, 13, 15, 17-18, 20-22, 24-26, 30, 34, 36, 38, 40-54, 56, 58, 60, 62, 64,
1, 3, 5, 7, 9, 11, 13, 15, 28, 30, 32, 34, 36, 38, 54, 56-58, 60, 62, 64,
1, 3, 5, 7, 9, 11, 13, 15-18, 20-28, 30, 32, 34, 36, 38, 40-47, 49-52, 54, 56, 60, 62, 64,
1, 3, 5, 9, 11, 30, 32, 34, 36, 38, 40, 52, 54, 56, 58, 60, 62, 64,
1, 3, 5, 7-23, 25-30, 32, 34, 36, 38, 40, 42, 44, 46-50, 52, 54, 56, 58, 60, 62, 64,
1, 3, 5-7, 32, 34, 36, 38, 42, 44, 46, 50, 52, 54, 56, 58, 60, 62, 64,
1, 3, 5, 9-13, 15-30, 32, 34, 36, 38, 40, 42, 44, 46, 48, 50, 52, 54, 56, 58, 60, 62, 64,
1, 3, 5, 7, 9, 30, 32, 34, 36-38, 40, 42, 44, 46, 48, 50, 52, 54, 56, 58-60, 62, 64,
1, 3, 5, 7, 9, 11-20, 22-28, 30, 32, 34, 36, 38, 40, 42, 44, 46, 48, 50, 52, 54, 56, 58, 60, 62, 64,
1, 3, 5, 7, 9, 11, 28, 30, 32, 34, 36, 38, 40, 46-48, 52, 54, 56, 58, 60, 62, 64,
1, 3, 5, 7, 9, 11, 13-15, 17-26, 28, 30, 32, 34, 36, 38, 40, 42, 44, 46, 48, 50, 52, 54, 56, 58, 60, 62-64,
1, 3, 5, 7, 11, 13, 26, 28, 30, 32, 34, 36, 38, 40, 42, 44, 46, 48, 50, 52, 54, 56, 58, 60, 62, 64,
1, 3, 5, 7, 9, 11, 13, 15-19, 21-24, 26, 28, 30, 32, 34, 36, 40, 42, 46, 48, 50, 52, 54, 56, 58, 60, 62, 64,
1, 3, 5, 7, 9, 11, 13-15, 24, 26, 28, 30-32, 34, 36, 38, 42, 44, 46, 50, 52, 54, 56, 58, 60, 62, 64,
1, 3, 5, 7, 9, 11, 15, 17-22, 24, 26, 28, 30, 32, 34, 36, 38, 40, 42-44, 46-50, 52, 54, 56, 58, 60, 62, 64,
1, 5, 7, 9, 11, 13, 15, 24, 26, 28, 30, 32, 34, 36, 38, 40, 52, 54, 56, 58, 60, 64,
1, 3, 5, 7, 9, 13, 15-18, 20-24, 26, 28, 30, 32, 34, 36, 38, 40-47, 50-52, 54, 56, 58, 60, 62, 64,
1, 3, 5, 7-9, 11-13, 26, 28, 30, 32, 34, 36, 38, 43, 54, 56, 58, 60, 62, 64,
1, 3, 5, 7, 9, 11, 13-23, 25-26, 28, 30, 32, 34, 36, 38-39, 41-49, 51-54, 56, 58, 60, 62, 64,
1, 3, 5, 7, 9, 11, 28, 30, 32, 34, 36, 48, 58, 60, 62, 64,
1, 3, 5, 7, 9, 11-16, 18-23, 25-28, 30, 32, 34, 36, 38-42, 44-54, 56, 58, 60, 62, 64,
1, 3, 5, 7, 9, 30, 32, 34, 36, 38, 54, 56, 58, 60, 62, 64,
1, 3, 5, 7, 9, 11-22, 24-28, 30, 32, 34, 36, 38, 40-41, 43-44, 46-52, 54-56, 58, 60, 62, 64,
1, 3, 5, 7, 9, 11, 28, 30, 32-34, 36, 38, 40, 44, 52, 54, 56, 58, 60, 62, 64,
1, 3, 5, 7, 9-11, 13-17, 19-22, 24-26, 28, 32, 34, 36, 38, 40, 42, 44, 46-50, 52, 54, 56, 58, 60, 62, 64,
1, 3, 5, 7, 9, 11, 13, 17, 19, 26, 28, 30, 32, 34, 36, 38, 40, 42, 44, 46, 50, 52, 54, 56, 58, 60, 62, 64,
1, 3, 5, 7, 9, 11, 13, 15, 17, 19, 21, 23-24, 26, 28, 30, 32, 34, 36, 38, 40, 42, 44, 48, 50, 52, 54, 56, 58, 60, 62, 64,
1, 3, 5, 7, 9, 11, 15, 19, 21, 24, 28, 30, 32, 34, 36, 38, 40, 42, 46, 48, 52, 54, 56, 58, 60, 62, 64,
1, 3, 5, 7, 11, 13, 15, 17, 21-22, 24, 26, 28, 30, 32, 34, 36, 38, 40, 42, 44, 46, 48, 50, 52, 56, 58, 60, 62, 64,
1, 3-5, 7, 9, 11, 13, 17, 19, 26, 28, 30, 32, 34, 36, 38, 40, 44, 46, 50, 52, 54, 56, 58, 60, 62, 64,
1, 3, 5, 9, 11, 13-14, 16-17, 19-24, 26, 28, 30, 32, 34, 36, 38, 40, 42-44, 46-47, 49-50, 52, 54, 56, 58, 60, 62, 64,
1, 3, 5, 7, 9, 11, 28, 30, 32, 34, 36, 38, 54, 56, 58, 60, 62, 64,
1, 3, 5, 7, 9, 11-15, 17-28, 30, 32, 34, 36, 38-54, 56, 58, 60, 62, 64,
1, 3, 5-7, 9, 30, 32, 34, 36, 42, 56, 58, 60, 62, 64,
1, 3, 5, 7, 9-21, 23-30, 36-39, 41-50, 52-58, 60, 62, 64,
1, 3, 5, 7, 32, 34, 46, 58, 60, 62, 64,
1, 3, 5, 7-13, 15-32, 34-52, 54-58, 60, 62, 64,
1, 3, 5, 10, 34, 60, 62, 64,
1, 3, 5-7, 9-44, 46-60, 62, 64,
1, 3, 52, 62, 64,
1, 3-12, 14-52, 54-62, 64,
1, 12, 21, 64,
1-19, 21-64,